{
 "cells": [
  {
   "cell_type": "code",
   "execution_count": 28,
   "id": "ff5481f3",
   "metadata": {},
   "outputs": [],
   "source": [
    "import numpy as np\n",
    "from scipy.optimize import minimize\n",
    "import librosa as lb\n",
    "import soundfile as sf\n",
    "from tqdm import tqdm\n",
    "import museval"
   ]
  },
  {
   "cell_type": "code",
   "execution_count": 29,
   "id": "e8676bff",
   "metadata": {},
   "outputs": [],
   "source": [
    "def get_metrics(y):\n",
    "    avg_y = []\n",
    "    for i in range(len(y)):\n",
    "        x = y[~np.isnan(y)]\n",
    "        avg = sum(x)/len(x)\n",
    "        avg_y.append(avg)\n",
    "    return avg_y"
   ]
  },
  {
   "cell_type": "code",
   "execution_count": 30,
   "id": "3c2474b3",
   "metadata": {},
   "outputs": [],
   "source": [
    "def compute_sdr(true, reconstructed, fs):\n",
    "    t = np.array([true])\n",
    "    r = np.array([reconstructed])\n",
    "\n",
    "    sdr, isr, sir, sar = museval.evaluate(t, r, win=fs, hop=fs)\n",
    "        \n",
    "    avg_sdr = get_metrics(sdr)\n",
    "    avg_isr = get_metrics(isr) #Source to Spatial Distortion Image\n",
    "    avg_sir = get_metrics(sir)\n",
    "    avg_sar = get_metrics(sar)\n",
    "\n",
    "    return sum(avg_sdr)/len(avg_sdr)"
   ]
  },
  {
   "cell_type": "code",
   "execution_count": 31,
   "id": "8e0acc0e",
   "metadata": {},
   "outputs": [],
   "source": [
    "def objective(params, X, m, gamma1, gamma2):\n",
    "    n, l = X.shape\n",
    "    A = params[:n**2].reshape((n, n))\n",
    "    S = params[n**2:].reshape((n, l))\n",
    "    t = np.sum(S, axis=0)\n",
    "    return np.linalg.norm(X - np.dot(A, S))**2 + np.linalg.norm(m - t)**2\n",
    "\n",
    "\n",
    "def minimize_function(X, m, gamma1, gamma2):\n",
    "\n",
    "    n, l = X.shape\n",
    "    A_init = np.eye(n)\n",
    "    S_init = X.copy()\n",
    "    \n",
    "    '''\n",
    "    A_init = np.array([[0.82, 0.02, 0.09, 0.016],\n",
    "                  [0.021, 0.71, 0.15, 0.16],\n",
    "                  [0.1, 0.12, 0.9, 0.16],\n",
    "                  [0.09, 0.2, 0.15, 0.7]])\n",
    "    '''\n",
    "\n",
    "    # set bounds for A and S separately\n",
    "    A_bounds = [(0.7, 1) if i == j else (gamma1, gamma2) for i in range(n) for j in range(n)]\n",
    "    S_bounds = [(-np.inf, np.inf)] * (n * l)\n",
    "    bounds = A_bounds + S_bounds\n",
    "\n",
    "    # alternating optimization\n",
    "    params = np.concatenate([A_init.ravel(), S_init.ravel()])\n",
    "    res = minimize(objective, params, args=(X, m, gamma1, gamma2), method='L-BFGS-B', bounds=bounds)\n",
    "\n",
    "    # extract the optimized A and S\n",
    "    A_opt = res.x[:n**2].reshape((n, n))\n",
    "    S_opt = res.x[n**2:].reshape((n, l))\n",
    "    \n",
    "    return A_opt, S_opt"
   ]
  },
  {
   "cell_type": "code",
   "execution_count": 32,
   "id": "18e534e3",
   "metadata": {},
   "outputs": [],
   "source": [
    "clean_path = \"/home/rajesh/Desktop/Test1/\"\n",
    "outpath = \"/home/rajesh/Desktop/Test1/\""
   ]
  },
  {
   "cell_type": "code",
   "execution_count": 33,
   "id": "72d65074",
   "metadata": {},
   "outputs": [
    {
     "name": "stderr",
     "output_type": "stream",
     "text": [
      "100%|███████████████████████████████████████████████████████████████████████████| 8820/8820 [27:50<00:00,  5.28it/s]\n"
     ]
    },
    {
     "name": "stdout",
     "output_type": "stream",
     "text": [
      "9.02507507004891 8.265484028848913 14.634972932254602 2.363512577148436 10.83633074194369\n",
      "11.81681966199978 12.5253162498704 18.28543860251801 4.760505144633225 11.69601865097749\n",
      "[[0.994 0.012 0.083 0.052]\n",
      " [0.074 0.928 0.099 0.049]\n",
      " [0.071 0.012 0.998 0.051]\n",
      " [0.069 0.012 0.086 0.973]]\n",
      "[[0.91  0.02  0.21  0.17 ]\n",
      " [0.091 0.82  0.13  0.07 ]\n",
      " [0.1   0.09  1.    0.17 ]\n",
      " [0.21  0.02  0.1   0.72 ]]\n",
      "0.1555\n"
     ]
    }
   ],
   "source": [
    "vocals, fs = lb.load(clean_path+'tvocal.wav')\n",
    "bass, fs = lb.load(clean_path+'tbass.wav')\n",
    "drums, fs = lb.load(clean_path+'tdrums.wav')\n",
    "other, fs = lb.load(clean_path+'tothers.wav')\n",
    "\n",
    "bvocals = 0.91 * vocals + 0.02 * bass + 0.21 * drums + 0.17 * other\n",
    "bbass = 0.091 * vocals + 0.82 * bass + 0.13 * drums + 0.07 * other\n",
    "bdrums = 0.1 * vocals + 0.09 * bass + 1 * drums + 0.17 * other\n",
    "bother = 0.21 * vocals + 0.02 * bass + 0.1 * drums + 0.72 * other\n",
    "\n",
    "mixture = vocals + bass + drums + other\n",
    "\n",
    "X = np.array([bvocals, bbass, bdrums, bother])\n",
    "S = np.array([vocals, bass, drums, other])\n",
    "m = np.array([mixture]) #NOTE HERE\n",
    "\n",
    "O = np.array([np.ones(4)]).T\n",
    "\n",
    "block = 25\n",
    "A_pred, S_pred = [], []\n",
    "\n",
    "for i in tqdm(range(0, X.shape[1], block)):\n",
    "    x_ = X[:, i:i+block]\n",
    "    m_ = m[:, i:i+block]\n",
    "    A_opt, S_opt = minimize_function(x_, m_, 0.001, 1)\n",
    "    S_pred.append(S_opt)\n",
    "    A_pred.append(A_opt)\n",
    "\n",
    "S_pred = np.hstack(S_pred)\n",
    "\n",
    "sf.write(outpath+'pred_vocal.wav', S_pred[0], fs)\n",
    "sf.write(outpath+'pred_bass.wav', S_pred[1], fs)\n",
    "sf.write(outpath+'pred_drums.wav', S_pred[2], fs)\n",
    "sf.write(outpath+'pred_others.wav', S_pred[3], fs)\n",
    "\n",
    "tv_sdr = compute_sdr(vocals, bvocals, fs)\n",
    "tb_sdr = compute_sdr(bass, bbass, fs)\n",
    "td_sdr = compute_sdr(drums, bdrums, fs)\n",
    "to_sdr = compute_sdr(other, bother, fs)\n",
    "\n",
    "true_sdr = (tv_sdr + tb_sdr + td_sdr + to_sdr)/4\n",
    "print(true_sdr, tv_sdr, tb_sdr, td_sdr, to_sdr)\n",
    "\n",
    "v_sdr = compute_sdr(vocals, S_pred[0], fs)\n",
    "b_sdr = compute_sdr(bass, S_pred[1], fs)\n",
    "d_sdr = compute_sdr(drums, S_pred[2], fs)\n",
    "o_sdr = compute_sdr(other, S_pred[3], fs)\n",
    "\n",
    "obtained_sdr = (v_sdr + b_sdr + d_sdr + o_sdr)/4\n",
    "print(obtained_sdr, v_sdr, b_sdr, d_sdr, o_sdr)\n",
    "\n",
    "A_avg = np.average(A_pred, axis=0)\n",
    "print(np.round(A_avg, 3))\n",
    "\n",
    "A_act = X @ np.linalg.pinv(S)\n",
    "print(np.round(A_act, 4))\n",
    "print(np.round(np.linalg.norm(A_act - A_avg)**2, 4))"
   ]
  },
  {
   "cell_type": "code",
   "execution_count": 34,
   "id": "bb2b1f96",
   "metadata": {},
   "outputs": [
    {
     "data": {
      "text/plain": [
       "[array([[0.99999999, 0.001     , 0.001     , 0.001     ],\n",
       "        [0.001     , 0.99999999, 0.001     , 0.001     ],\n",
       "        [0.001     , 0.001     , 0.99999999, 0.001     ],\n",
       "        [0.001     , 0.001     , 0.001     , 1.        ]]),\n",
       " array([[1.        , 0.00100108, 0.00100059, 0.00100051],\n",
       "        [0.00100044, 1.        , 0.0010006 , 0.00100051],\n",
       "        [0.00100044, 0.00100108, 1.        , 0.00100051],\n",
       "        [0.00100044, 0.00100108, 0.00100059, 1.        ]]),\n",
       " array([[1.   , 0.001, 0.001, 0.001],\n",
       "        [0.001, 1.   , 0.001, 0.001],\n",
       "        [0.001, 0.001, 1.   , 0.001],\n",
       "        [0.001, 0.001, 0.001, 1.   ]]),\n",
       " array([[1.   , 0.001, 0.001, 0.001],\n",
       "        [0.001, 1.   , 0.001, 0.001],\n",
       "        [0.001, 0.001, 1.   , 0.001],\n",
       "        [0.001, 0.001, 0.001, 1.   ]]),\n",
       " array([[0.99999999, 0.001     , 0.001     , 0.001     ],\n",
       "        [0.001     , 1.        , 0.001     , 0.001     ],\n",
       "        [0.001     , 0.001     , 0.99999999, 0.001     ],\n",
       "        [0.001     , 0.001     , 0.001     , 0.99999999]]),\n",
       " array([[0.99999999, 0.001     , 0.001     , 0.001     ],\n",
       "        [0.001     , 1.        , 0.001     , 0.001     ],\n",
       "        [0.001     , 0.001     , 1.        , 0.001     ],\n",
       "        [0.001     , 0.001     , 0.001     , 1.        ]]),\n",
       " array([[0.99999999, 0.001     , 0.001     , 0.001     ],\n",
       "        [0.001     , 0.99999999, 0.001     , 0.001     ],\n",
       "        [0.001     , 0.001     , 0.99999999, 0.001     ],\n",
       "        [0.001     , 0.001     , 0.001     , 0.99999999]]),\n",
       " array([[1.   , 0.001, 0.001, 0.001],\n",
       "        [0.001, 1.   , 0.001, 0.001],\n",
       "        [0.001, 0.001, 1.   , 0.001],\n",
       "        [0.001, 0.001, 0.001, 1.   ]]),\n",
       " array([[1.   , 0.001, 0.001, 0.001],\n",
       "        [0.001, 1.   , 0.001, 0.001],\n",
       "        [0.001, 0.001, 1.   , 0.001],\n",
       "        [0.001, 0.001, 0.001, 1.   ]]),\n",
       " array([[0.99999999, 0.001     , 0.001     , 0.001     ],\n",
       "        [0.001     , 1.        , 0.001     , 0.001     ],\n",
       "        [0.001     , 0.001     , 0.99999999, 0.001     ],\n",
       "        [0.001     , 0.001     , 0.001     , 0.99999999]]),\n",
       " array([[0.99999999, 0.001     , 0.001     , 0.001     ],\n",
       "        [0.001     , 0.99999999, 0.001     , 0.001     ],\n",
       "        [0.001     , 0.001     , 0.99999999, 0.001     ],\n",
       "        [0.001     , 0.001     , 0.001     , 0.99999999]]),\n",
       " array([[1.        , 0.0010004 , 0.00100086, 0.0010024 ],\n",
       "        [0.00100081, 1.        , 0.00100086, 0.0010024 ],\n",
       "        [0.00100081, 0.0010004 , 1.        , 0.00100241],\n",
       "        [0.00100082, 0.00100041, 0.00100086, 1.        ]]),\n",
       " array([[0.99999998, 0.001     , 0.001     , 0.001     ],\n",
       "        [0.001     , 0.99999998, 0.001     , 0.001     ],\n",
       "        [0.001     , 0.001     , 0.99999998, 0.001     ],\n",
       "        [0.001     , 0.001     , 0.001     , 0.99999998]]),\n",
       " array([[1.        , 0.00100094, 0.00100083, 0.00100196],\n",
       "        [0.00100086, 1.        , 0.00100084, 0.00100196],\n",
       "        [0.00100086, 0.00100094, 1.        , 0.00100196],\n",
       "        [0.00100086, 0.00100094, 0.00100084, 1.        ]]),\n",
       " array([[0.99999999, 0.001     , 0.001     , 0.001     ],\n",
       "        [0.001     , 0.99999999, 0.001     , 0.001     ],\n",
       "        [0.001     , 0.001     , 0.99999999, 0.001     ],\n",
       "        [0.001     , 0.001     , 0.001     , 0.99999999]]),\n",
       " array([[1.        , 0.001     , 0.001     , 0.001     ],\n",
       "        [0.001     , 1.        , 0.001     , 0.001     ],\n",
       "        [0.001     , 0.001     , 1.        , 0.001     ],\n",
       "        [0.001     , 0.001     , 0.001     , 0.99999999]]),\n",
       " array([[0.99999998, 0.001     , 0.001     , 0.001     ],\n",
       "        [0.001     , 0.99999997, 0.001     , 0.001     ],\n",
       "        [0.001     , 0.001     , 0.99999998, 0.001     ],\n",
       "        [0.001     , 0.001     , 0.001     , 0.99999997]]),\n",
       " array([[0.99999999, 0.001     , 0.001     , 0.001     ],\n",
       "        [0.001     , 1.        , 0.001     , 0.001     ],\n",
       "        [0.001     , 0.001     , 1.        , 0.001     ],\n",
       "        [0.001     , 0.001     , 0.001     , 1.        ]]),\n",
       " array([[1.        , 0.00100101, 0.00100162, 0.00100503],\n",
       "        [0.00100167, 1.        , 0.00100162, 0.00100502],\n",
       "        [0.00100167, 0.00100101, 1.        , 0.00100503],\n",
       "        [0.00100169, 0.00100102, 0.00100164, 1.        ]]),\n",
       " array([[1.        , 0.00100045, 0.00100114, 0.00100287],\n",
       "        [0.00100095, 1.        , 0.00100114, 0.00100287],\n",
       "        [0.00100096, 0.00100045, 1.        , 0.00100288],\n",
       "        [0.00100096, 0.00100046, 0.00100115, 1.        ]]),\n",
       " array([[0.99999999, 0.001     , 0.001     , 0.001     ],\n",
       "        [0.001     , 0.99999999, 0.001     , 0.001     ],\n",
       "        [0.001     , 0.001     , 0.99999999, 0.001     ],\n",
       "        [0.001     , 0.001     , 0.001     , 0.99999998]]),\n",
       " array([[1.        , 0.00100023, 0.00100039, 0.00100108],\n",
       "        [0.00100036, 1.        , 0.00100039, 0.00100108],\n",
       "        [0.00100036, 0.00100024, 1.        , 0.00100108],\n",
       "        [0.00100036, 0.00100024, 0.00100039, 1.        ]]),\n",
       " array([[0.99999999, 0.001     , 0.001     , 0.001     ],\n",
       "        [0.001     , 0.99999999, 0.001     , 0.001     ],\n",
       "        [0.001     , 0.001     , 0.99999999, 0.001     ],\n",
       "        [0.001     , 0.001     , 0.001     , 0.99999999]]),\n",
       " array([[1.        , 0.00100084, 0.00100152, 0.00100436],\n",
       "        [0.00100163, 1.        , 0.00100151, 0.00100435],\n",
       "        [0.00100163, 0.00100084, 1.        , 0.00100436],\n",
       "        [0.00100165, 0.00100085, 0.00100153, 1.        ]]),\n",
       " array([[1.        , 0.01856278, 0.0269905 , 0.0718132 ],\n",
       "        [0.02767219, 1.        , 0.02698867, 0.07181567],\n",
       "        [0.02767401, 0.0185628 , 0.99999988, 0.07181308],\n",
       "        [0.02769055, 0.01858068, 0.02700726, 0.9999296 ]]),\n",
       " array([[1.        , 0.01532315, 0.02671168, 0.07374427],\n",
       "        [0.02829237, 1.        , 0.02670844, 0.07374884],\n",
       "        [0.02829524, 0.01532276, 1.        , 0.07374422],\n",
       "        [0.02831818, 0.01534546, 0.02673427, 0.9999368 ]]),\n",
       " array([[1.        , 0.00100084, 0.0010015 , 0.0010042 ],\n",
       "        [0.00100161, 1.        , 0.0010015 , 0.00100418],\n",
       "        [0.00100161, 0.00100084, 1.        , 0.00100419],\n",
       "        [0.00100163, 0.00100084, 0.00100152, 1.        ]]),\n",
       " array([[1.        , 0.00100024, 0.00100062, 0.00100195],\n",
       "        [0.00100073, 1.        , 0.00100062, 0.00100195],\n",
       "        [0.00100074, 0.00100024, 1.        , 0.00100195],\n",
       "        [0.00100074, 0.00100024, 0.00100062, 1.        ]]),\n",
       " array([[1.        , 0.00100041, 0.00100046, 0.001001  ],\n",
       "        [0.00100051, 1.        , 0.00100046, 0.001001  ],\n",
       "        [0.00100051, 0.00100041, 1.        , 0.001001  ],\n",
       "        [0.00100052, 0.00100042, 0.00100046, 1.        ]]),\n",
       " array([[1.        , 0.00100038, 0.00100056, 0.00100138],\n",
       "        [0.00100054, 1.        , 0.00100056, 0.00100137],\n",
       "        [0.00100055, 0.00100038, 1.        , 0.00100138],\n",
       "        [0.00100055, 0.00100038, 0.00100056, 1.        ]]),\n",
       " array([[1.        , 0.00100054, 0.00100115, 0.00100339],\n",
       "        [0.00100103, 1.        , 0.00100115, 0.00100338],\n",
       "        [0.00100103, 0.00100054, 1.        , 0.00100339],\n",
       "        [0.00100104, 0.00100054, 0.00100117, 1.        ]]),\n",
       " array([[0.99999454, 0.0137495 , 0.02635628, 0.07319349],\n",
       "        [0.02572904, 0.99999646, 0.0263593 , 0.07320109],\n",
       "        [0.02572654, 0.01374985, 0.99999442, 0.0731941 ],\n",
       "        [0.02584588, 0.01381596, 0.02647869, 0.99998798]]),\n",
       " array([[0.99999674, 0.01612307, 0.02571243, 0.07172229],\n",
       "        [0.02597956, 0.99999738, 0.02571412, 0.07172573],\n",
       "        [0.02597782, 0.01612301, 0.99999682, 0.07172198],\n",
       "        [0.02609902, 0.01620002, 0.02583229, 0.99999028]]),\n",
       " array([[0.9999999 , 0.01016803, 0.0285715 , 0.07653323],\n",
       "        [0.02653505, 0.99999985, 0.02856713, 0.07653866],\n",
       "        [0.02654081, 0.01016906, 0.99999991, 0.07653307],\n",
       "        [0.02657544, 0.01019673, 0.02860758, 0.99993373]]),\n",
       " array([[1.        , 0.01453136, 0.02817524, 0.07409927],\n",
       "        [0.02589399, 0.99999929, 0.02816946, 0.07408762],\n",
       "        [0.02590096, 0.0145323 , 1.        , 0.07410295],\n",
       "        [0.02596738, 0.01457099, 0.02824882, 0.99992587]]),\n",
       " array([[1.        , 0.01297588, 0.02184077, 0.0695513 ],\n",
       "        [0.02463001, 1.        , 0.02183609, 0.06955281],\n",
       "        [0.02463313, 0.01297447, 1.        , 0.06955103],\n",
       "        [0.02467402, 0.0130075 , 0.02187856, 0.99994251]]),\n",
       " array([[0.99999799, 0.01444203, 0.02586512, 0.07233826],\n",
       "        [0.02524383, 0.99999815, 0.02587506, 0.0723646 ],\n",
       "        [0.02523443, 0.01444239, 0.99999796, 0.07233766],\n",
       "        [0.02533261, 0.01450203, 0.02596536, 0.99999059]]),\n",
       " array([[0.999995  , 0.01574032, 0.02472814, 0.07146779],\n",
       "        [0.02656405, 0.99999673, 0.02472959, 0.0714764 ],\n",
       "        [0.02656137, 0.01573935, 0.99999534, 0.07146697],\n",
       "        [0.0266741 , 0.01581127, 0.02483326, 0.99998997]]),\n",
       " array([[1.        , 0.01274146, 0.02718128, 0.07425627],\n",
       "        [0.02633191, 0.99999946, 0.02717674, 0.07425847],\n",
       "        [0.02633697, 0.01274188, 1.        , 0.07425639],\n",
       "        [0.02637794, 0.01277403, 0.02722308, 0.99987336]]),\n",
       " array([[0.99998765, 0.01472123, 0.02911385, 0.0748533 ],\n",
       "        [0.02638623, 0.99999198, 0.02910868, 0.07484006],\n",
       "        [0.02639267, 0.0147222 , 0.99998656, 0.07485832],\n",
       "        [0.02646108, 0.01475927, 0.02919161, 0.99997885]]),\n",
       " array([[0.99997892, 0.01403899, 0.0252775 , 0.07198477],\n",
       "        [0.02518145, 1.        , 0.0252726 , 0.07197092],\n",
       "        [0.0251864 , 0.01403905, 0.99997891, 0.07198492],\n",
       "        [0.02525978, 0.01407857, 0.02535113, 0.99996373]]),\n",
       " array([[0.99999109, 0.01456336, 0.02595284, 0.07203358],\n",
       "        [0.0246098 , 0.99999851, 0.025958  , 0.07203981],\n",
       "        [0.02460558, 0.01456381, 0.99998967, 0.07203601],\n",
       "        [0.02483999, 0.01470523, 0.02620008, 0.99999053]]),\n",
       " array([[0.99999696, 0.01375098, 0.02604631, 0.0733059 ],\n",
       "        [0.02627102, 0.99999723, 0.02606166, 0.07334158],\n",
       "        [0.02625546, 0.01375085, 0.99999691, 0.0733061 ],\n",
       "        [0.02635228, 0.01380343, 0.02614251, 0.99998518]]),\n",
       " array([[1.        , 0.01459152, 0.02644657, 0.0735067 ],\n",
       "        [0.02726348, 0.99999873, 0.02643995, 0.07350171],\n",
       "        [0.02726956, 0.01459103, 1.        , 0.07350604],\n",
       "        [0.02732839, 0.01463174, 0.02650369, 0.99986235]]),\n",
       " array([[0.99998283, 0.01735644, 0.02512063, 0.0698243 ],\n",
       "        [0.02476548, 0.99997979, 0.02511825, 0.06981321],\n",
       "        [0.02476803, 0.01735664, 0.99998244, 0.06982508],\n",
       "        [0.02484845, 0.01741183, 0.02520262, 0.99999696]]),\n",
       " array([[0.99998545, 0.01224385, 0.0258864 , 0.07335493],\n",
       "        [0.02530212, 0.99999162, 0.02589082, 0.07336907],\n",
       "        [0.02529856, 0.01224438, 0.99998525, 0.07335514],\n",
       "        [0.02540779, 0.01230242, 0.02599808, 0.99997398]]),\n",
       " array([[0.9999986 , 0.01544939, 0.02608432, 0.07228175],\n",
       "        [0.02587216, 0.99999847, 0.02608749, 0.07228573],\n",
       "        [0.02586914, 0.0154495 , 0.99999877, 0.07228201],\n",
       "        [0.02599501, 0.01552487, 0.02621116, 0.99999124]]),\n",
       " array([[0.99999678, 0.01630399, 0.02745913, 0.07270976],\n",
       "        [0.02556078, 1.        , 0.02747377, 0.07272587],\n",
       "        [0.02554634, 0.01630382, 0.9999958 , 0.07270981],\n",
       "        [0.02565957, 0.0163696 , 0.02758018, 0.99997363]]),\n",
       " array([[0.99999848, 0.01548113, 0.02703123, 0.0722874 ],\n",
       "        [0.02491377, 1.        , 0.02702981, 0.07227559],\n",
       "        [0.02491634, 0.01548219, 0.99999966, 0.07229149],\n",
       "        [0.02500123, 0.01553024, 0.02712325, 0.99999534]]),\n",
       " array([[0.99997814, 0.01361174, 0.02412014, 0.07109268],\n",
       "        [0.02467009, 0.99999063, 0.02411477, 0.07107235],\n",
       "        [0.02467489, 0.01361135, 0.99998053, 0.07108978],\n",
       "        [0.02497333, 0.0137783 , 0.02440957, 0.99999887]]),\n",
       " array([[0.99998042, 0.01433595, 0.02741283, 0.07379105],\n",
       "        [0.02624197, 1.        , 0.02741001, 0.07378361],\n",
       "        [0.02624565, 0.01433656, 0.99997954, 0.07379328],\n",
       "        [0.0263542 , 0.01439804, 0.02752719, 0.99996607]]),\n",
       " array([[1.        , 0.01500671, 0.03179258, 0.07765503],\n",
       "        [0.02985972, 0.99999508, 0.03178354, 0.07762948],\n",
       "        [0.02987066, 0.01500787, 1.        , 0.0776614 ],\n",
       "        [0.03002947, 0.01508646, 0.03196319, 0.9999871 ]]),\n",
       " array([[0.99999988, 0.01499095, 0.0237405 , 0.06944625],\n",
       "        [0.02352576, 0.99999936, 0.02373476, 0.06942238],\n",
       "        [0.02353171, 0.0149911 , 1.        , 0.0694468 ],\n",
       "        [0.02372153, 0.01511004, 0.02393132, 0.9999426 ]]),\n",
       " array([[0.99999662, 0.01492134, 0.02603878, 0.0721303 ],\n",
       "        [0.02511909, 1.        , 0.0260409 , 0.07212363],\n",
       "        [0.0251177 , 0.0149219 , 0.99999727, 0.07213243],\n",
       "        [0.02529155, 0.01502037, 0.02621859, 0.99994439]]),\n",
       " array([[0.99999753, 0.01393481, 0.02575249, 0.07190033],\n",
       "        [0.02537246, 1.        , 0.02573309, 0.07184222],\n",
       "        [0.02539234, 0.01393475, 1.        , 0.07189814],\n",
       "        [0.0256994 , 0.0140991 , 0.02605069, 0.99992829]]),\n",
       " array([[0.99999882, 0.0146674 , 0.02728051, 0.07300542],\n",
       "        [0.02553137, 0.99999937, 0.0272751 , 0.07298771],\n",
       "        [0.02553825, 0.01466838, 1.        , 0.07300987],\n",
       "        [0.02567383, 0.01474463, 0.02742422, 0.99999692]]),\n",
       " array([[0.99995602, 0.00971424, 0.1560947 , 0.03878753],\n",
       "        [0.0483182 , 0.99681176, 0.16006955, 0.03671632],\n",
       "        [0.04874577, 0.01003824, 0.99998602, 0.04113651],\n",
       "        [0.04667431, 0.01130461, 0.1396227 , 0.95814466]]),\n",
       " array([[0.99998704, 0.0206045 , 0.15062397, 0.04139405],\n",
       "        [0.04371312, 0.99944194, 0.15381546, 0.0389941 ],\n",
       "        [0.04448639, 0.02117585, 1.        , 0.04601356],\n",
       "        [0.04514624, 0.0220703 , 0.14016046, 0.94867997]]),\n",
       " array([[0.99999984, 0.02076387, 0.14777739, 0.02750107],\n",
       "        [0.03700947, 0.9999999 , 0.14778663, 0.02836981],\n",
       "        [0.03487301, 0.01986152, 0.9982418 , 0.01782428],\n",
       "        [0.03744273, 0.02108905, 0.14774742, 1.        ]]),\n",
       " array([[1.        , 0.02003388, 0.14943319, 0.02381813],\n",
       "        [0.03920374, 0.99999976, 0.14928368, 0.0242714 ],\n",
       "        [0.04067882, 0.0209967 , 0.99471792, 0.02017631],\n",
       "        [0.03929634, 0.0200591 , 0.14924138, 0.99999966]]),\n",
       " array([[0.99587241, 0.02648925, 0.14554096, 0.03967869],\n",
       "        [0.0421331 , 0.99975075, 0.14763016, 0.03709636],\n",
       "        [0.04490577, 0.02758964, 0.99993639, 0.0508156 ],\n",
       "        [0.04358606, 0.02697124, 0.14221079, 0.9580729 ]]),\n",
       " array([[0.99767981, 0.02474138, 0.1467036 , 0.02784883],\n",
       "        [0.03828425, 0.99884041, 0.14692471, 0.02689323],\n",
       "        [0.04456007, 0.0287922 , 0.99604159, 0.03446689],\n",
       "        [0.03894165, 0.02490387, 0.14641108, 0.98744907]]),\n",
       " array([[0.99473597, 0.024088  , 0.14689802, 0.03685368],\n",
       "        [0.04135917, 0.99751577, 0.14794031, 0.03476594],\n",
       "        [0.04319545, 0.02488465, 1.        , 0.04320888],\n",
       "        [0.04289273, 0.02465819, 0.1455137 , 0.96596729]]),\n",
       " array([[0.99999944, 0.02209171, 0.14900702, 0.0258331 ],\n",
       "        [0.03974681, 0.99999994, 0.14901813, 0.026745  ],\n",
       "        [0.04014008, 0.0227947 , 0.99179868, 0.01760813],\n",
       "        [0.04015472, 0.02235095, 0.14911519, 1.        ]]),\n",
       " array([[1.        , 0.01863416, 0.14957094, 0.0270503 ],\n",
       "        [0.03547566, 1.        , 0.14975426, 0.02790834],\n",
       "        [0.03451661, 0.01847681, 0.99468418, 0.01842453],\n",
       "        [0.03593921, 0.0189356 , 0.14990395, 1.        ]]),\n",
       " array([[0.99451587, 0.02308514, 0.1462971 , 0.03665206],\n",
       "        [0.03928469, 0.99773216, 0.14797388, 0.03440009],\n",
       "        [0.045141  , 0.02668498, 1.        , 0.05033558],\n",
       "        [0.04121064, 0.02410374, 0.14468768, 0.96440802]]),\n",
       " array([[1.        , 0.02388129, 0.14930126, 0.02096507],\n",
       "        [0.11277776, 0.99850564, 0.14775388, 0.01539217],\n",
       "        [0.09636193, 0.02796538, 0.95973512, 0.04094028],\n",
       "        [0.11403332, 0.02472784, 0.14565745, 0.94874705]]),\n",
       " array([[0.99973281, 0.02716802, 0.13759425, 0.02996789],\n",
       "        [0.11103576, 0.99326565, 0.13973665, 0.0204229 ],\n",
       "        [0.10614096, 0.0281234 , 0.99388626, 0.03420431],\n",
       "        [0.11123475, 0.02708532, 0.1348478 , 0.93767284]]),\n",
       " array([[1.        , 0.02992394, 0.13708562, 0.02233585],\n",
       "        [0.11243216, 0.99935313, 0.13643574, 0.01807444],\n",
       "        [0.09545525, 0.03160182, 0.99047007, 0.03275437],\n",
       "        [0.11004494, 0.02981565, 0.13600817, 0.96044345]]),\n",
       " array([[0.99967574, 0.02343909, 0.14257559, 0.01819703],\n",
       "        [0.11520806, 0.99617364, 0.13988011, 0.01630334],\n",
       "        [0.09489158, 0.02404497, 0.98408366, 0.01644338],\n",
       "        [0.11567284, 0.02323372, 0.13968467, 0.9698117 ]]),\n",
       " array([[0.9999856 , 0.0331487 , 0.13948094, 0.02734571],\n",
       "        [0.10707595, 0.9996824 , 0.13919565, 0.02057825],\n",
       "        [0.09954255, 0.0344808 , 0.98954865, 0.03947467],\n",
       "        [0.10597206, 0.03355653, 0.13521553, 0.94378761]]),\n",
       " array([[0.99614834, 0.03024618, 0.13771311, 0.01662874],\n",
       "        [0.11719447, 0.99990736, 0.13735498, 0.01579792],\n",
       "        [0.08607741, 0.03049467, 0.98965999, 0.03238683],\n",
       "        [0.11560822, 0.03040552, 0.13671103, 0.95854396]]),\n",
       " array([[1.        , 0.03191991, 0.13701936, 0.03645869],\n",
       "        [0.10865088, 0.99999422, 0.14281246, 0.02832329],\n",
       "        [0.09353309, 0.03093921, 0.99515131, 0.04679754],\n",
       "        [0.11085514, 0.03208007, 0.1321389 , 0.93215382]]),\n",
       " array([[0.99995745, 0.02447699, 0.13803784, 0.01505284],\n",
       "        [0.11578941, 0.99750182, 0.13881061, 0.00933911],\n",
       "        [0.08914722, 0.02297058, 0.99427836, 0.01433808],\n",
       "        [0.1147535 , 0.02400534, 0.13895519, 0.97674324]]),\n",
       " array([[0.99999327, 0.0174007 , 0.14128233, 0.02930106],\n",
       "        [0.1139558 , 0.99206006, 0.1385366 , 0.02864933],\n",
       "        [0.09961705, 0.0199567 , 0.98947377, 0.01729466],\n",
       "        [0.11598847, 0.01610874, 0.13777423, 0.94682022]]),\n",
       " array([[1.        , 0.01561248, 0.14015054, 0.02699941],\n",
       "        [0.11802628, 0.99744623, 0.14402743, 0.02231928],\n",
       "        [0.09047126, 0.01658942, 0.9999769 , 0.03683031],\n",
       "        [0.11628168, 0.01630398, 0.13142521, 0.94538111]]),\n",
       " array([[0.99998061, 0.03327431, 0.14245828, 0.0233026 ],\n",
       "        [0.10733416, 0.99803997, 0.14215069, 0.02051411],\n",
       "        [0.08434359, 0.03183563, 0.9844497 , 0.04102671],\n",
       "        [0.10585416, 0.03388438, 0.13980316, 0.94829485]]),\n",
       " array([[0.97999552, 0.03047775, 0.12520914, 0.03704837],\n",
       "        [0.11730021, 0.99859888, 0.14377285, 0.02448792],\n",
       "        [0.11594202, 0.03073226, 0.99988134, 0.03074664],\n",
       "        [0.11190226, 0.03090905, 0.13400229, 0.93403737]]),\n",
       " array([[1.        , 0.01885166, 0.14058951, 0.01436117],\n",
       "        [0.11784857, 0.99911791, 0.13978779, 0.01563133],\n",
       "        [0.09173728, 0.02004343, 0.98751057, 0.00971506],\n",
       "        [0.11976786, 0.01880914, 0.13950281, 0.97980045]]),\n",
       " array([[0.99970686, 0.02184952, 0.08266805, 0.03558194],\n",
       "        [0.13751678, 0.99762167, 0.08169919, 0.03063472],\n",
       "        [0.13659385, 0.02136853, 0.99901271, 0.03343844],\n",
       "        [0.13698548, 0.02107896, 0.0818381 , 0.98500115]]),\n",
       " array([[0.99994171, 0.02813233, 0.14029562, 0.02843508],\n",
       "        [0.11679234, 0.99905817, 0.14042782, 0.02397604],\n",
       "        [0.09451549, 0.02942107, 0.98692372, 0.04286844],\n",
       "        [0.11839652, 0.02869129, 0.13225034, 0.93558305]]),\n",
       " array([[1.        , 0.02338483, 0.14335232, 0.02739362],\n",
       "        [0.11612809, 0.99999246, 0.14246645, 0.02611134],\n",
       "        [0.09861267, 0.02411594, 0.99182871, 0.03773872],\n",
       "        [0.11200457, 0.02506462, 0.13326881, 0.93676865]]),\n",
       " array([[0.97994033, 0.02817203, 0.10937885, 0.02081703],\n",
       "        [0.11506117, 0.99791475, 0.14506922, 0.02687805],\n",
       "        [0.11437172, 0.03198581, 0.9991715 , 0.03258278],\n",
       "        [0.11491526, 0.03166352, 0.13722406, 0.94648803]]),\n",
       " array([[0.98451396, 0.03004586, 0.13319555, 0.03370324],\n",
       "        [0.11045662, 0.99569386, 0.1401687 , 0.02141136],\n",
       "        [0.11252477, 0.03001066, 0.99913992, 0.03507861],\n",
       "        [0.10621352, 0.02861507, 0.14053389, 0.9435705 ]]),\n",
       " array([[0.99143647, 0.0211214 , 0.13056234, 0.03013641],\n",
       "        [0.10997934, 0.98951466, 0.14787661, 0.0175146 ],\n",
       "        [0.11269045, 0.01989468, 1.        , 0.0226029 ],\n",
       "        [0.10908341, 0.01980954, 0.14150629, 0.95016934]]),\n",
       " array([[0.99999008, 0.03165138, 0.14140957, 0.03105983],\n",
       "        [0.11358861, 0.99987814, 0.14441554, 0.02586981],\n",
       "        [0.10098573, 0.03175588, 0.98856098, 0.03354773],\n",
       "        [0.10986641, 0.03103032, 0.12617314, 0.93889741]]),\n",
       " array([[0.98720907, 0.03115894, 0.11835206, 0.03397216],\n",
       "        [0.11457077, 0.99826946, 0.13876694, 0.01795016],\n",
       "        [0.11585256, 0.0321588 , 0.99999954, 0.02591379],\n",
       "        [0.11403046, 0.03212788, 0.13369356, 0.94916217]]),\n",
       " array([[0.96759838, 0.02205247, 0.12878364, 0.03006681],\n",
       "        [0.11528841, 0.98884137, 0.14976391, 0.01988623],\n",
       "        [0.12123874, 0.01732317, 0.99993905, 0.02687121],\n",
       "        [0.11641834, 0.01654822, 0.14520106, 0.94927894]]),\n",
       " array([[0.97792866, 0.01355998, 0.12411881, 0.03757754],\n",
       "        [0.11569479, 0.98724307, 0.15121945, 0.01971857],\n",
       "        [0.12204821, 0.01002227, 0.99984393, 0.02441012],\n",
       "        [0.11207606, 0.00983343, 0.14886357, 0.94987287]]),\n",
       " array([[0.97917159, 0.02267489, 0.12352472, 0.03052968],\n",
       "        [0.11424891, 0.99260353, 0.1480111 , 0.01830217],\n",
       "        [0.11857432, 0.0208888 , 0.99985009, 0.02039402],\n",
       "        [0.11165418, 0.02131675, 0.14460651, 0.95127514]]),\n",
       " array([[0.98755614, 0.02449544, 0.13011357, 0.03297204],\n",
       "        [0.11792088, 0.99826443, 0.14022372, 0.02446058],\n",
       "        [0.11492935, 0.0246572 , 1.        , 0.03562495],\n",
       "        [0.10998614, 0.02488683, 0.1386391 , 0.93895339]]),\n",
       " array([[0.98365463, 0.02946543, 0.12728378, 0.04134347],\n",
       "        [0.11186425, 0.99996206, 0.14359423, 0.0146849 ],\n",
       "        [0.1199356 , 0.02529634, 0.99995637, 0.01847275],\n",
       "        [0.11369035, 0.02620128, 0.13499371, 0.95146457]]),\n",
       " array([[0.94086788, 0.0227738 , 0.12904077, 0.0508745 ],\n",
       "        [0.12582352, 0.98949849, 0.14603899, 0.02188153],\n",
       "        [0.13009226, 0.01712826, 1.        , 0.0328532 ],\n",
       "        [0.12125074, 0.01830263, 0.14811207, 0.92624147]]),\n",
       " array([[0.98218795, 0.0344386 , 0.1247427 , 0.03338522],\n",
       "        [0.11608966, 1.        , 0.13810286, 0.02666866],\n",
       "        [0.11599659, 0.03471962, 1.        , 0.03174313],\n",
       "        [0.10607269, 0.03535431, 0.13451801, 0.93701595]]),\n",
       " array([[0.98135886, 0.0286141 , 0.12204827, 0.03760875],\n",
       "        [0.11516864, 0.99999897, 0.14342884, 0.02175893],\n",
       "        [0.11644457, 0.02797822, 0.9999994 , 0.02799605],\n",
       "        [0.10992793, 0.02867072, 0.14089112, 0.94127395]]),\n",
       " array([[0.95341907, 0.02186352, 0.12457741, 0.03927608],\n",
       "        [0.12377089, 0.99514958, 0.14813054, 0.01508511],\n",
       "        [0.12630594, 0.0163253 , 1.        , 0.02056932],\n",
       "        [0.12099349, 0.01833924, 0.14402204, 0.94926638]]),\n",
       " array([[0.97361094, 0.02452435, 0.11910422, 0.02863681],\n",
       "        [0.11608359, 0.99812114, 0.14637731, 0.02489067],\n",
       "        [0.11933993, 0.02390533, 0.9998113 , 0.03039384],\n",
       "        [0.11773765, 0.02372662, 0.13868757, 0.94935437]]),\n",
       " array([[0.97075457, 0.02609673, 0.12134572, 0.03987904],\n",
       "        [0.11802482, 0.99970845, 0.14507951, 0.01791517],\n",
       "        [0.11966458, 0.02472397, 0.99973447, 0.02683023],\n",
       "        [0.1170114 , 0.02546758, 0.14107307, 0.94113199]]),\n",
       " array([[0.97986068, 0.02932593, 0.11748396, 0.03890152],\n",
       "        [0.12005224, 0.9975006 , 0.14239805, 0.02575635],\n",
       "        [0.11983252, 0.03066857, 0.99931658, 0.03412071],\n",
       "        [0.10947261, 0.03171279, 0.14095244, 0.93078851]]),\n",
       " array([[0.98280846, 0.0290071 , 0.11762644, 0.03142085],\n",
       "        [0.11324345, 1.        , 0.1461125 , 0.01668888],\n",
       "        [0.11484372, 0.02839559, 0.9999978 , 0.02023489],\n",
       "        [0.11239481, 0.0285972 , 0.14186918, 0.9535361 ]]),\n",
       " array([[0.98329775, 0.0273925 , 0.11707317, 0.02573474],\n",
       "        [0.11413589, 0.99784574, 0.14683766, 0.01085956],\n",
       "        [0.11629844, 0.02664792, 0.99903006, 0.01748223],\n",
       "        [0.11504113, 0.02600281, 0.13946203, 0.96551284]]),\n",
       " array([[1.        , 0.00902571, 0.12716078, 0.02764649],\n",
       "        [0.11410541, 0.98724642, 0.15590786, 0.0185712 ],\n",
       "        [0.10901705, 0.00723784, 0.99917255, 0.02516422],\n",
       "        [0.11199966, 0.00833172, 0.14096287, 0.95208321]]),\n",
       " array([[0.98269277, 0.01446594, 0.11730256, 0.03701955],\n",
       "        [0.11489705, 0.98693964, 0.15072091, 0.02341722],\n",
       "        [0.11688118, 0.0104204 , 0.99988298, 0.0281693 ],\n",
       "        [0.10971958, 0.01036397, 0.15210089, 0.94391927]]),\n",
       " array([[0.99082089, 0.01948265, 0.13262653, 0.03876424],\n",
       "        [0.11342222, 0.99400357, 0.14676539, 0.0216872 ],\n",
       "        [0.11764903, 0.01814353, 0.99999641, 0.02990837],\n",
       "        [0.11083388, 0.01892762, 0.13763687, 0.93909211]]),\n",
       " array([[0.98590263, 0.01338646, 0.12150728, 0.02779919],\n",
       "        [0.11281032, 0.98496641, 0.15290401, 0.01111835],\n",
       "        [0.11703053, 0.00567885, 1.        , 0.01444538],\n",
       "        [0.11317397, 0.00606557, 0.14791966, 0.96924219]]),\n",
       " array([[0.99063412, 0.03195748, 0.11352951, 0.0362264 ],\n",
       "        [0.11241708, 0.99999912, 0.14139678, 0.02028493],\n",
       "        [0.11297187, 0.03429396, 0.99933237, 0.02511852],\n",
       "        [0.11140868, 0.03408774, 0.1353482 , 0.94961764]]),\n",
       " array([[0.99999222, 0.0275967 , 0.13148752, 0.03784814],\n",
       "        [0.1100837 , 0.99777114, 0.14522332, 0.02190429],\n",
       "        [0.1064481 , 0.0275778 , 0.9946748 , 0.03707228],\n",
       "        [0.11386918, 0.02714708, 0.13172191, 0.93545092]]),\n",
       " array([[0.98077286, 0.02574233, 0.12577461, 0.04055336],\n",
       "        [0.11899496, 0.99906247, 0.14058415, 0.02334004],\n",
       "        [0.12116069, 0.02551532, 0.99987197, 0.03651663],\n",
       "        [0.11062906, 0.02681915, 0.14050512, 0.93112824]]),\n",
       " array([[0.99838812, 0.01544272, 0.12003265, 0.01863395],\n",
       "        [0.11054861, 0.99322387, 0.15021699, 0.01868995],\n",
       "        [0.11037181, 0.01534471, 0.99999704, 0.02359582],\n",
       "        [0.1097821 , 0.01512492, 0.14448496, 0.96148083]]),\n",
       " array([[0.99513524, 0.02840184, 0.11722457, 0.03097872],\n",
       "        [0.1095553 , 0.9978026 , 0.1444966 , 0.01164603],\n",
       "        [0.1141252 , 0.02619616, 1.        , 0.01672952],\n",
       "        [0.10984825, 0.02653172, 0.14127724, 0.96288246]]),\n",
       " array([[0.99968237, 0.01925745, 0.11870369, 0.04044243],\n",
       "        [0.10875805, 0.99639857, 0.14406367, 0.02360615],\n",
       "        [0.10933748, 0.01754894, 0.99863145, 0.02833229],\n",
       "        [0.1078808 , 0.01850486, 0.13531192, 0.94708825]]),\n",
       " array([[0.98285818, 0.00338106, 0.11393899, 0.03941414],\n",
       "        [0.12126457, 0.98089039, 0.14793467, 0.02813951],\n",
       "        [0.12082954, 0.001     , 0.99964945, 0.03374441],\n",
       "        [0.11113718, 0.001     , 0.1410405 , 0.94033475]]),\n",
       " array([[0.97975987, 0.01734315, 0.11727123, 0.03479996],\n",
       "        [0.11803228, 0.99289525, 0.14975375, 0.0247366 ],\n",
       "        [0.11944327, 0.01578989, 0.99970776, 0.02934279],\n",
       "        [0.11017097, 0.01661653, 0.14889247, 0.93933766]]),\n",
       " array([[0.97429894, 0.02479981, 0.12756882, 0.05421267],\n",
       "        [0.11285227, 0.9939381 , 0.15110978, 0.03599233],\n",
       "        [0.11400043, 0.01895435, 0.99996236, 0.04217888],\n",
       "        [0.12300479, 0.02097625, 0.14032775, 0.90556096]]),\n",
       " array([[0.99396533, 0.02517101, 0.11212042, 0.03371294],\n",
       "        [0.11416287, 0.99815925, 0.14541698, 0.01855629],\n",
       "        [0.11428161, 0.02677473, 0.99992768, 0.02236226],\n",
       "        [0.11181785, 0.02732365, 0.14108167, 0.9489314 ]]),\n",
       " array([[0.99037494, 0.02666847, 0.11685853, 0.03405341],\n",
       "        [0.11532434, 0.99973977, 0.1433837 , 0.02312022],\n",
       "        [0.11178364, 0.02772723, 0.99982881, 0.0285945 ],\n",
       "        [0.11072439, 0.02850567, 0.14068919, 0.9415611 ]]),\n",
       " array([[0.97779514, 0.02595596, 0.12841171, 0.04037861],\n",
       "        [0.12117025, 0.99696208, 0.14442742, 0.02648466],\n",
       "        [0.12078844, 0.02536501, 0.99997354, 0.03631235],\n",
       "        [0.1085461 , 0.02556734, 0.13910824, 0.92514453]]),\n",
       " array([[0.98921768, 0.02367807, 0.03805265, 0.07616843],\n",
       "        [0.09960271, 0.99999926, 0.03510599, 0.07080649],\n",
       "        [0.09939399, 0.02030293, 1.        , 0.07125926],\n",
       "        [0.10124366, 0.02167558, 0.03738136, 0.99883253]]),\n",
       " array([[0.98584354, 0.01916989, 0.12165718, 0.02873692],\n",
       "        [0.11391148, 0.99352869, 0.15119628, 0.02116906],\n",
       "        [0.11261494, 0.01838698, 0.99999953, 0.03002554],\n",
       "        [0.11559591, 0.01834484, 0.14221386, 0.94660195]]),\n",
       " array([[0.97147557, 0.02600945, 0.11889632, 0.02690072],\n",
       "        [0.11829802, 0.99996534, 0.14264333, 0.01452374],\n",
       "        [0.11996001, 0.02597876, 0.99999413, 0.0196351 ],\n",
